0009099 321 260
0009101 324 260
0009105 328 260
0025519 77 754
0025520 78 754
0025521 94 754
0025525 247 754
0025526 256 754
0025531 357 754
0049201 62 1554
0049202 63 1554
0057112 16 1723
0057115 24 1723
0057130 67 1723
0075008 225 2326
0075009 226 2326
0075010 227 2326
0075011 228 2326
0075015 251 2326
0075021 298 2326
0104885 114 3076
0104891 149 3076
0112491 76 3210
0112492 79 3210
0112494 243 3210
0112495 244 3210
0112496 245 3210
0112499 309 3210
0112500 352 3210
0127048 26 3723
0127057 50 3723
0127095 282 3723
0130641 85 3800
0130642 108 3800
0130643 109 3800
0130664 233 3800
0130665 234 3800
0130666 235 3800
0130667 236 3800
0130674 284 3800
0130675 285 3800
0130682 341 3800
0132051 171 3843
0132067 237 3843
0132070 250 3843
0132071 255 3843
0217506 35 6203
0217537 216 6203
0217547 270 6203
0217556 334 6203
0217559 351 6203
0223327 9 6405
0223364 203 6405
0223365 204 6405
0223373 222 6405
0228757 192 6534
0228758 193 6534
0228759 194 6534
0228773 269 6534
0228775 296 6534
0228780 325 6534
0228784 340 6534
0247704 34 7078
0247735 213 7078
0247736 214 7078
0247737 215 7078
0247746 261 7078
0247760 339 7078
0263079 25 7485
0263084 33 7485
0263103 161 7485
0263104 162 7485
0263106 164 7485
0263107 165 7485
0263133 283 7485
0269143 23 7609
0269181 205 7609
0275123 117 7756
0275125 119 7756
0275127 121 7756
0275136 152 7756
0275138 259 7756
0275141 318 7756
0287518 1 8103
0287528 92 8103
0287532 103 8103
0287533 104 8103
0287548 199 8103
0287549 200 8103
0287553 241 8103
0287554 242 8103
0287562 279 8103
0287565 290 8103
0289066 118 8169
0289068 120 8169
0289070 122 8169
0289071 123 8169
0289072 124 8169
0289073 125 8169
0289074 126 8169
0289076 128 8169
0289079 131 8169
0289080 132 8169
0289084 267 8169
0289085 268 8169
0289089 332 8169
0305753 221 8637
0305762 293 8637
0316597 71 8946
0316600 74 8946
0316601 75 8946
0316602 80 8946
0316605 136 8946
0316610 142 8946
0316611 143 8946
0316612 144 8946
0316613 145 8946
0316615 201 8946
0316616 223 8946
0316617 253 8946
0316620 258 8946
0316622 312 8946
0316623 313 8946
0316624 314 8946
0316626 346 8946
0316628 359 8946
0349962 28 9919
0360604 29 10254
0360607 69 10254
0360613 110 10254
0360615 112 10254
0379943 96 10870
0379969 263 10870
0379972 273 10870
0379973 275 10870
0379978 291 10870
0379983 360 10870
0387597 173 11053
0387598 174 11053
0387599 175 11053
0415224 31 11864
0415225 84 11864
0415233 148 11864
0415237 185 11864
0415251 337 11864
0460904 40 13142
0460911 64 13142
0460912 65 13142
0460935 238 13142
0460936 239 13142
0460950 327 13142
0492211 49 14279
0492213 88 14279
0492218 93 14279
0492225 168 14279
0492234 177 14279
0498237 115 14401
0498240 170 14401
0498250 180 14401
0498251 181 14401
0498262 262 14401
0498271 289 14401
0498279 343 14401
0498281 361 14401
0507095 6 14794
0507100 116 14794
0507101 146 14794
0507102 189 14794
0507114 230 14794
0507115 231 14794
0507123 326 14794
0524858 160 15337
0524861 163 15337
0524871 211 15337
0524872 212 15337
0524883 248 15337
0535189 30 15575
0535191 46 15575
0535192 47 15575
0535193 48 15575
0535244 303 15575
0535250 320 15575
0536656 190 15605
0536662 196 15605
0536663 197 15605
0550002 68 16033
0550021 202 16033
0550035 344 16033
0598841 154 17688
0598842 156 17688
0623981 27 18426
0623987 106 18426
0623988 107 18426
0624010 208 18426
0624022 348 18426
0634426 8 18728
0634427 72 18728
0634431 141 18728
0634436 157 18728
0634437 158 18728
0634438 159 18728
0634442 299 18728
0634445 319 18728
0634446 358 18728
0634447 363 18728
0653197 70 19352
0653201 219 19352
0653202 220 19352
0653208 342 19352
0655141 111 19389
0655144 147 19389
0655152 167 19389
0665868 17 19747
0665869 19 19747
0665872 43 19747
0665873 44 19747
0665874 51 19747
0665875 52 19747
0665876 53 19747
0665877 54 19747
0665879 101 19747
0665884 240 19747
0665886 274 19747
0665887 329 19747
0697351 133 20744
0697395 308 20744
0703973 20 20891
0703986 95 20891
0703987 99 20891
0703988 100 20891
0703992 153 20891
0703994 249 20891
0703996 315 20891
0704000 350 20891
0730759 127 21735
0730761 129 21735
0730762 130 21735
0730769 198 21735
0730774 224 21735
0730779 331 21735
0736553 5 21870
0736554 7 21870
0736556 18 21870
0736557 21 21870
0736558 22 21870
0736561 32 21870
0736562 36 21870
0736563 37 21870
0736565 41 21870
0736569 61 21870
0736575 187 21870
0736576 188 21870
0736585 252 21870
0736586 272 21870
0736591 330 21870
0736592 333 21870
0736593 338 21870
0736594 349 21870
0746219 56 22114
0746220 57 22114
0746223 60 22114
0746232 362 22114
0749853 2 22208
0749854 3 22208
0749884 172 22208
0749912 286 22208
0749913 287 22208
0752452 301 22271
0795438 4 23506
0795451 55 23506
0795454 58 23506
0795455 59 23506
0795457 66 23506
0795465 155 23506
0795467 295 23506
0795468 316 23506
0821948 97 24320
0821949 113 24320
0821950 150 24320
0821952 186 24320
0821954 260 24320
0835505 90 24635
0835510 98 24635
0835516 169 24635
0835523 176 24635
0835529 182 24635
0835533 217 24635
0835541 264 24635
0835542 265 24635
0843813 323 24906
0843814 335 24906
0843815 336 24906
0843816 345 24906
0843817 355 24906
0843818 356 24906
0878616 300 25877
0899041 89 26473
0899043 91 26473
0899083 297 26473
0899085 302 26473
0899087 304 26473
0913354 151 26934
0913355 218 26934
0913356 232 26934
0913357 276 26934
0913358 292 26934
0913359 317 26934
0960765 178 28156
0960766 179 28156
0965442 81 28295
0965443 82 28295
0965444 83 28295
0965445 86 28295
0965446 87 28295
0965447 271 28295
0965448 354 28295
0968785 310 28390
0968786 311 28390
0968787 353 28390
0976616 246 28629
0982929 266 28825
0982930 278 28825
0982931 280 28825
0982932 281 28825
0982944 305 28825
0982945 306 28825
0982946 307 28825
0983925 45 28866
0983932 191 28866
0983936 195 28866
0983962 322 28866
1072855 10 31430
1072856 11 31430
1072857 12 31430
1072879 166 31430
1072881 183 31430
1072883 206 31430
1072884 207 31430
1072886 209 31430
1072894 288 31430
1072896 294 31430
1072900 347 31430
1074451 73 31482
1074454 134 31482
1074455 135 31482
1074457 137 31482
1074458 138 31482
1074459 139 31482
1074460 140 31482
1074464 184 31482
1074468 254 31482
1074469 257 31482
1074471 277 31482
1083668 38 31794
1083669 39 31794
1083685 210 31794
1083691 229 31794
1129046 13 33278
1129047 14 33278
1129048 15 33278
1129052 42 33278
1129065 102 33278
1129066 105 33278
