0009099 321 260
0009101 324 260
0009105 328 260
0025519 77 754
0025520 78 754
0025521 94 754
0025525 247 754
0025526 256 754
0025531 357 754
0049201 62 1554
0049202 63 1554
0057112 16 1723
0057115 24 1723
0057130 67 1723
0104885 114 3076
0104891 149 3076
0112491 76 3210
0112492 79 3210
0112494 243 3210
0112495 244 3210
0112496 245 3210
0112499 309 3210
0112500 352 3210
0127048 26 3723
0127057 50 3723
0127095 282 3723
0130641 85 3800
0130642 108 3800
0130643 109 3800
0130664 233 3800
0130665 234 3800
0130666 235 3800
0130667 236 3800
0130674 284 3800
0130675 285 3800
0130682 341 3800
0217489 270 6202
0217498 334 6202
0217501 351 6202
0223327 9 6405
0223364 203 6405
0223365 204 6405
0223373 222 6405
0228757 192 6534
0228758 193 6534
0228759 194 6534
0228773 269 6534
0228775 296 6534
0228780 325 6534
0228784 340 6534
0247801 213 7079
0247802 214 7079
0247812 261 7079
0247826 339 7079
0263079 25 7485
0263084 33 7485
0263103 161 7485
0263104 162 7485
0263106 164 7485
0263107 165 7485
0263133 283 7485
0269143 23 7609
0269181 205 7609
0275123 117 7756
0275125 119 7756
0275127 121 7756
0275136 152 7756
0275138 259 7756
0275141 318 7756
0289066 118 8169
0289068 120 8169
0289070 122 8169
0289071 123 8169
0289072 124 8169
0289073 125 8169
0289074 126 8169
0289076 128 8169
0289079 131 8169
0289080 132 8169
0289084 267 8169
0289085 268 8169
0289089 332 8169
0305753 221 8637
0305762 293 8637
0316597 71 8946
0316600 74 8946
0316601 75 8946
0316602 80 8946
0316605 136 8946
0316610 142 8946
0316611 143 8946
0316612 144 8946
0316613 145 8946
0316615 201 8946
0316616 223 8946
0316617 253 8946
0316620 258 8946
0316622 312 8946
0316623 313 8946
0316624 314 8946
0316626 346 8946
0316628 359 8946
0349962 28 9919
0360604 29 10254
0360607 69 10254
0360613 110 10254
0360615 112 10254
0379992 96 10871
0380008 199 10871
0380018 263 10871
0380021 273 10871
0380022 275 10871
0380027 291 10871
0380032 360 10871
0387597 173 11053
0387598 174 11053
0387599 175 11053
0415189 31 11863
0415190 84 11863
0415198 148 11863
0415202 185 11863
0415216 337 11863
0431238 88 12327
0431239 89 12327
0431240 90 12327
0431241 91 12327
0431245 98 12327
0431264 182 12327
0431288 297 12327
0460904 40 13142
0460912 65 13142
0498237 115 14401
0498240 170 14401
0498250 180 14401
0498251 181 14401
0498262 262 14401
0498271 289 14401
0498279 343 14401
0498281 361 14401
0506475 49 14762
0506482 93 14762
0506488 168 14762
0507095 6 14794
0507100 116 14794
0507101 146 14794
0507102 189 14794
0507114 230 14794
0507115 231 14794
0507123 326 14794
0524858 160 15337
0524861 163 15337
0524871 211 15337
0524872 212 15337
0524883 248 15337
0528761 92 15438
0528765 103 15438
0528782 200 15438
0528786 241 15438
0528787 242 15438
0528796 279 15438
0528800 290 15438
0535189 30 15575
0535191 46 15575
0535192 47 15575
0535193 48 15575
0535244 303 15575
0535250 320 15575
0536656 190 15605
0536662 196 15605
0536663 197 15605
0550002 68 16033
0550021 202 16033
0550035 344 16033
0598824 7 17688
0598841 154 17688
0598842 156 17688
0598843 187 17688
0623936 27 18425
0623942 106 18425
0623943 107 18425
0623965 208 18425
0623977 348 18425
0626254 302 18481
0626256 304 18481
0634448 8 18729
0634449 72 18729
0634453 141 18729
0634458 157 18729
0634459 158 18729
0634460 159 18729
0634464 299 18729
0634467 319 18729
0634468 358 18729
0634469 363 18729
0653197 70 19352
0653201 219 19352
0653202 220 19352
0653208 342 19352
0655141 111 19389
0655144 147 19389
0655152 167 19389
0665868 17 19747
0665869 19 19747
0665872 43 19747
0665873 44 19747
0665874 51 19747
0665875 52 19747
0665876 53 19747
0665877 54 19747
0665879 101 19747
0665884 240 19747
0665886 274 19747
0665887 329 19747
0697351 133 20744
0697395 308 20744
0703973 20 20891
0703986 95 20891
0703987 99 20891
0703988 100 20891
0703992 153 20891
0703994 249 20891
0703996 315 20891
0704000 350 20891
0722350 225 21477
0722351 226 21477
0722352 227 21477
0722353 228 21477
0722357 251 21477
0730718 127 21734
0730720 129 21734
0730721 130 21734
0730728 198 21734
0730733 224 21734
0730738 331 21734
0737635 1 21897
0737649 104 21897
0737677 264 21897
0746199 56 22113
0746200 57 22113
0746212 362 22113
0749929 2 22209
0749930 3 22209
0749960 172 22209
0749988 286 22209
0749989 287 22209
0752452 301 22271
0757248 32 22366
0757271 252 22366
0757274 298 22366
0795438 4 23506
0795451 55 23506
0795454 58 23506
0795455 59 23506
0795457 66 23506
0795465 155 23506
0795467 295 23506
0795468 316 23506
0821948 97 24320
0821949 113 24320
0821950 150 24320
0821952 186 24320
0821954 260 24320
0842086 18 24834
0842087 21 24834
0842088 22 24834
0842091 36 24834
0842092 37 24834
0842094 41 24834
0842099 60 24834
0842100 61 24834
0842119 330 24834
0842120 333 24834
0842121 338 24834
0842122 349 24834
0843813 323 24906
0843814 335 24906
0843815 336 24906
0843816 345 24906
0843817 355 24906
0843818 356 24906
0878616 300 25877
0904846 5 26641
0904867 64 26641
0904873 188 26641
0904884 238 26641
0904885 239 26641
0904888 272 26641
0904895 327 26641
0913354 151 26934
0913355 218 26934
0913356 232 26934
0913357 276 26934
0913358 292 26934
0913359 317 26934
0936094 34 27528
0936095 35 27528
0936132 215 27528
0936133 216 27528
0960765 178 28156
0960766 179 28156
0960776 237 28156
0960784 265 28156
0965442 81 28295
0965443 82 28295
0965444 83 28295
0965445 86 28295
0965446 87 28295
0965447 271 28295
0965448 354 28295
0968785 310 28390
0968786 311 28390
0968787 353 28390
0976633 246 28631
0982853 266 28824
0982854 278 28824
0982855 280 28824
0982856 281 28824
0982868 305 28824
0982869 306 28824
0982870 307 28824
0983868 45 28865
0983875 191 28865
0983879 195 28865
0983905 322 28865
1038163 169 30336
1038165 171 30336
1038170 176 30336
1038171 177 30336
1038180 217 30336
1038186 250 30336
1038187 255 30336
1072855 10 31430
1072856 11 31430
1072857 12 31430
1072879 166 31430
1072881 183 31430
1072883 206 31430
1072884 207 31430
1072886 209 31430
1072894 288 31430
1072896 294 31430
1072900 347 31430
1074451 73 31482
1074454 134 31482
1074455 135 31482
1074457 137 31482
1074458 138 31482
1074459 139 31482
1074460 140 31482
1074464 184 31482
1074468 254 31482
1074469 257 31482
1074471 277 31482
1083668 38 31794
1083669 39 31794
1083685 210 31794
1083691 229 31794
1129017 13 33277
1129018 14 33277
1129019 15 33277
1129023 42 33277
1129036 102 33277
1129037 105 33277
