0000146 68 4
0000154 103 4
0000167 199 4
0000172 241 4
0000177 263 4
0009099 321 260
0009101 324 260
0009105 328 260
0025519 77 754
0025520 78 754
0025521 94 754
0025525 247 754
0025526 256 754
0025531 357 754
0049201 62 1554
0049202 63 1554
0057112 16 1723
0057115 24 1723
0057130 67 1723
0104891 149 3076
0108636 169 3141
0108643 176 3141
0108653 217 3141
0112491 76 3210
0112492 79 3210
0112494 243 3210
0112495 244 3210
0112496 245 3210
0112499 309 3210
0112500 352 3210
0127048 26 3723
0127095 282 3723
0130641 85 3800
0130642 108 3800
0130643 109 3800
0130664 233 3800
0130665 234 3800
0130666 235 3800
0130667 236 3800
0130674 284 3800
0130675 285 3800
0130682 341 3800
0132051 171 3843
0132067 237 3843
0132070 250 3843
0132071 255 3843
0156554 96 4439
0156583 273 4439
0156594 360 4439
0217498 334 6202
0217501 351 6202
0221919 8 6377
0221921 83 6377
0221922 86 6377
0221923 87 6377
0221924 141 6377
0221925 271 6377
0223327 9 6405
0223364 203 6405
0223365 204 6405
0223373 222 6405
0228757 192 6534
0228758 193 6534
0228759 194 6534
0228773 269 6534
0228775 296 6534
0228780 325 6534
0228784 340 6534
0247735 213 7078
0247736 214 7078
0247746 261 7078
0247760 339 7078
0263079 25 7485
0263084 33 7485
0263103 161 7485
0263104 162 7485
0263106 164 7485
0263107 165 7485
0263133 283 7485
0269143 23 7609
0269181 205 7609
0275123 117 7756
0275125 119 7756
0275127 121 7756
0275136 152 7756
0275138 259 7756
0275141 318 7756
0289066 118 8169
0289068 120 8169
0289070 122 8169
0289071 123 8169
0289072 124 8169
0289073 125 8169
0289074 126 8169
0289076 128 8169
0289079 131 8169
0289080 132 8169
0289084 267 8169
0289085 268 8169
0289089 332 8169
0305800 221 8638
0305809 293 8638
0316601 75 8946
0316605 136 8946
0316610 142 8946
0316611 143 8946
0316612 144 8946
0316615 201 8946
0316616 223 8946
0316617 253 8946
0316622 312 8946
0316623 313 8946
0316624 314 8946
0316626 346 8946
0316627 358 8946
0333549 52 9502
0333555 240 9502
0333556 274 9502
0350009 28 9920
0360604 29 10254
0360607 69 10254
0360613 110 10254
0360615 112 10254
0387530 173 11052
0387531 174 11052
0387532 175 11052
0415224 31 11864
0415233 148 11864
0415237 185 11864
0415251 337 11864
0431238 88 12327
0431239 89 12327
0431240 90 12327
0431241 91 12327
0431245 98 12327
0431259 177 12327
0431264 182 12327
0431288 297 12327
0444532 71 12742
0444533 72 12742
0444535 74 12742
0444537 80 12742
0444547 145 12742
0444548 157 12742
0444549 158 12742
0444550 159 12742
0444555 258 12742
0444556 299 12742
0444560 319 12742
0444563 359 12742
0444564 363 12742
0460971 40 13143
0460979 65 13143
0498052 170 14396
0498062 180 14396
0498063 181 14396
0498074 262 14396
0498082 289 14396
0498092 361 14396
0506475 49 14762
0506482 93 14762
0506488 168 14762
0507095 6 14794
0507100 116 14794
0507101 146 14794
0507102 189 14794
0507114 230 14794
0507115 231 14794
0507123 326 14794
0523431 30 15303
0523434 47 15303
0523435 48 15303
0523493 320 15303
0524858 160 15337
0524861 163 15337
0524871 211 15337
0524872 212 15337
0524883 248 15337
0528761 92 15438
0528782 200 15438
0528787 242 15438
0528796 279 15438
0528800 290 15438
0536656 190 15605
0536662 196 15605
0536663 197 15605
0550021 202 16033
0550030 275 16033
0550035 344 16033
0598824 7 17688
0598841 154 17688
0598842 156 17688
0598843 187 17688
0623981 27 18426
0623987 106 18426
0623988 107 18426
0624010 208 18426
0624022 348 18426
0626254 302 18481
0626256 304 18481
0653185 70 19351
0653189 219 19351
0653190 220 19351
0653196 342 19351
0655141 111 19389
0655144 147 19389
0655152 167 19389
0665868 17 19747
0665869 19 19747
0665872 43 19747
0665873 44 19747
0665874 51 19747
0665876 53 19747
0665877 54 19747
0665879 101 19747
0665887 329 19747
0697351 133 20744
0697395 308 20744
0703973 20 20891
0703986 95 20891
0703987 99 20891
0703988 100 20891
0703992 153 20891
0703994 249 20891
0703996 315 20891
0704000 350 20891
0722350 225 21477
0722351 226 21477
0722352 227 21477
0722353 228 21477
0722357 251 21477
0730759 127 21735
0730761 129 21735
0730762 130 21735
0730769 198 21735
0730774 224 21735
0730779 331 21735
0733088 35 21782
0733089 38 21782
0733107 195 21782
0733113 210 21782
0733119 216 21782
0733125 229 21782
0733132 270 21782
0737635 1 21897
0737649 104 21897
0737677 264 21897
0746219 56 22114
0746220 57 22114
0746232 362 22114
0749853 2 22208
0749854 3 22208
0749884 172 22208
0749912 286 22208
0749913 287 22208
0752452 301 22271
0757294 32 22367
0757317 252 22367
0757320 298 22367
0795438 4 23506
0795451 55 23506
0795454 58 23506
0795455 59 23506
0795457 66 23506
0795465 155 23506
0795467 295 23506
0795468 316 23506
0796286 84 23525
0796287 97 23525
0796288 113 23525
0796289 150 23525
0796290 151 23525
0796292 232 23525
0796293 260 23525
0796294 276 23525
0796295 292 23525
0796296 317 23525
0842086 18 24834
0842087 21 24834
0842088 22 24834
0842091 36 24834
0842092 37 24834
0842094 41 24834
0842099 60 24834
0842100 61 24834
0842119 330 24834
0842120 333 24834
0842121 338 24834
0842122 349 24834
0843813 323 24906
0843814 335 24906
0843815 336 24906
0843816 345 24906
0843817 355 24906
0843818 356 24906
0878616 300 25877
0904846 5 26641
0904867 64 26641
0904873 188 26641
0904884 238 26641
0904885 239 26641
0904888 272 26641
0904895 327 26641
0921443 39 27138
0936313 34 27531
0936351 215 27531
0960765 178 28156
0960766 179 28156
0960784 265 28156
0965442 81 28295
0965443 82 28295
0965448 354 28295
0968777 310 28389
0968778 311 28389
0968779 353 28389
0976633 246 28631
0982929 266 28825
0982930 278 28825
0982931 280 28825
0982932 281 28825
0982944 305 28825
0982945 306 28825
0982946 307 28825
0983868 45 28865
0983875 191 28865
0983905 322 28865
1013134 114 29644
1013138 186 29644
1072855 10 31430
1072856 11 31430
1072857 12 31430
1072879 166 31430
1072881 183 31430
1072883 206 31430
1072884 207 31430
1072886 209 31430
1072894 288 31430
1072896 294 31430
1072900 347 31430
1074451 73 31482
1074454 134 31482
1074455 135 31482
1074457 137 31482
1074458 138 31482
1074459 139 31482
1074460 140 31482
1074464 184 31482
1074468 254 31482
1074469 257 31482
1074471 277 31482
1107494 115 32636
1107512 218 32636
1107528 291 32636
1107531 343 32636
1127752 46 33241
1127756 50 33241
1127799 303 33241
1129046 13 33278
1129047 14 33278
1129048 15 33278
1129052 42 33278
1129065 102 33278
1129066 105 33278
