0009099 321 260
0009101 324 260
0009105 328 260
0025519 77 754
0025520 78 754
0025521 94 754
0025525 247 754
0025526 256 754
0025531 357 754
0049201 62 1554
0049202 63 1554
0057112 16 1723
0057114 23 1723
0057115 24 1723
0057130 67 1723
0075008 225 2326
0075009 226 2326
0075010 227 2326
0075011 228 2326
0075015 251 2326
0075021 298 2326
0104864 114 3075
0104870 149 3075
0112491 76 3210
0112492 79 3210
0112494 243 3210
0112495 244 3210
0112496 245 3210
0112499 309 3210
0112500 352 3210
0127048 26 3723
0127057 50 3723
0127095 282 3723
0130641 85 3800
0130642 108 3800
0130643 109 3800
0130664 233 3800
0130665 234 3800
0130666 235 3800
0130667 236 3800
0130674 284 3800
0130675 285 3800
0130682 341 3800
0217506 35 6203
0217537 216 6203
0217547 270 6203
0217556 334 6203
0217559 351 6203
0223327 9 6405
0223364 203 6405
0223365 204 6405
0223366 205 6405
0223373 222 6405
0228757 192 6534
0228758 193 6534
0228759 194 6534
0228773 269 6534
0228775 296 6534
0228780 325 6534
0228784 340 6534
0247770 34 7079
0247801 213 7079
0247802 214 7079
0247803 215 7079
0247812 261 7079
0247826 339 7079
0263079 25 7485
0263084 33 7485
0263103 161 7485
0263104 162 7485
0263106 164 7485
0263107 165 7485
0263133 283 7485
0275123 117 7756
0275125 119 7756
0275127 121 7756
0275136 152 7756
0275138 259 7756
0275141 318 7756
0287518 1 8103
0287528 92 8103
0287532 103 8103
0287533 104 8103
0287548 199 8103
0287549 200 8103
0287553 241 8103
0287554 242 8103
0287562 279 8103
0287565 290 8103
0289066 118 8169
0289068 120 8169
0289070 122 8169
0289071 123 8169
0289072 124 8169
0289073 125 8169
0289074 126 8169
0289076 128 8169
0289079 131 8169
0289080 132 8169
0289084 267 8169
0289085 268 8169
0289089 332 8169
0305729 28 8637
0305753 221 8637
0305762 293 8637
0316597 71 8946
0316600 74 8946
0316601 75 8946
0316602 80 8946
0316605 136 8946
0316610 142 8946
0316611 143 8946
0316612 144 8946
0316613 145 8946
0316615 201 8946
0316616 223 8946
0316617 253 8946
0316620 258 8946
0316622 312 8946
0316623 313 8946
0316624 314 8946
0316626 346 8946
0316628 359 8946
0360604 29 10254
0360607 69 10254
0360613 110 10254
0360615 112 10254
0379943 96 10870
0379969 263 10870
0379972 273 10870
0379973 275 10870
0379978 291 10870
0379983 360 10870
0387597 173 11053
0387598 174 11053
0387599 175 11053
0415224 31 11864
0415225 84 11864
0415233 148 11864
0415237 185 11864
0415251 337 11864
0460971 40 13143
0460978 64 13143
0460979 65 13143
0461002 238 13143
0461003 239 13143
0461017 327 13143
0492211 49 14279
0492213 88 14279
0492218 93 14279
0492225 168 14279
0492234 177 14279
0498049 115 14396
0498052 170 14396
0498062 180 14396
0498063 181 14396
0498074 262 14396
0498082 289 14396
0498090 343 14396
0507095 6 14794
0507100 116 14794
0507101 146 14794
0507102 189 14794
0507114 230 14794
0507115 231 14794
0507123 326 14794
0524858 160 15337
0524861 163 15337
0524871 211 15337
0524872 212 15337
0524883 248 15337
0535189 30 15575
0535191 46 15575
0535192 47 15575
0535193 48 15575
0535244 303 15575
0535250 320 15575
0536656 190 15605
0536662 196 15605
0536663 197 15605
0550002 68 16033
0550021 202 16033
0550035 344 16033
0598841 154 17688
0598842 156 17688
0598852 300 17688
0623936 27 18425
0623942 106 18425
0623943 107 18425
0623965 208 18425
0623977 348 18425
0634448 8 18729
0634449 72 18729
0634453 141 18729
0634458 157 18729
0634459 158 18729
0634460 159 18729
0634464 299 18729
0634467 319 18729
0634468 358 18729
0634469 363 18729
0653197 70 19352
0653201 219 19352
0653202 220 19352
0653208 342 19352
0655141 111 19389
0655144 147 19389
0655152 167 19389
0665844 17 19746
0665845 19 19746
0665848 43 19746
0665849 44 19746
0665850 51 19746
0665851 52 19746
0665852 53 19746
0665853 54 19746
0665855 101 19746
0665860 240 19746
0665862 274 19746
0665863 329 19746
0697351 133 20744
0697395 308 20744
0703973 20 20891
0703986 95 20891
0703987 99 20891
0703988 100 20891
0703992 153 20891
0703994 249 20891
0703996 315 20891
0704000 350 20891
0730718 127 21734
0730720 129 21734
0730721 130 21734
0730728 198 21734
0730733 224 21734
0730738 331 21734
0736553 5 21870
0736554 7 21870
0736556 18 21870
0736557 21 21870
0736558 22 21870
0736561 32 21870
0736562 36 21870
0736563 37 21870
0736565 41 21870
0736569 61 21870
0736575 187 21870
0736576 188 21870
0736585 252 21870
0736586 272 21870
0736591 330 21870
0736592 333 21870
0736593 338 21870
0736594 349 21870
0746199 56 22113
0746200 57 22113
0746203 60 22113
0746212 362 22113
0749929 2 22209
0749930 3 22209
0749960 172 22209
0749976 250 22209
0749988 286 22209
0749989 287 22209
0752452 301 22271
0795438 4 23506
0795451 55 23506
0795454 58 23506
0795455 59 23506
0795457 66 23506
0795465 155 23506
0795467 295 23506
0795468 316 23506
0821948 97 24320
0821949 113 24320
0821950 150 24320
0821952 186 24320
0821954 260 24320
0835505 90 24635
0835510 98 24635
0835516 169 24635
0835518 171 24635
0835523 176 24635
0835529 182 24635
0835533 217 24635
0835541 264 24635
0835542 265 24635
0843813 323 24906
0843814 335 24906
0843815 336 24906
0843816 345 24906
0843817 355 24906
0843818 356 24906
0899041 89 26473
0899043 91 26473
0899083 297 26473
0899085 302 26473
0899087 304 26473
0913354 151 26934
0913355 218 26934
0913356 232 26934
0913357 276 26934
0913358 292 26934
0913359 317 26934
0960830 178 28157
0960831 179 28157
0960841 237 28157
0960845 255 28157
0960868 361 28157
0965442 81 28295
0965443 82 28295
0965444 83 28295
0965445 86 28295
0965446 87 28295
0965447 271 28295
0965448 354 28295
0968777 310 28389
0968778 311 28389
0968779 353 28389
0976633 246 28631
0982853 266 28824
0982854 278 28824
0982855 280 28824
0982856 281 28824
0982868 305 28824
0982869 306 28824
0982870 307 28824
0983925 45 28866
0983932 191 28866
0983936 195 28866
0983962 322 28866
1072855 10 31430
1072856 11 31430
1072857 12 31430
1072879 166 31430
1072881 183 31430
1072883 206 31430
1072884 207 31430
1072886 209 31430
1072894 288 31430
1072896 294 31430
1072900 347 31430
1074451 73 31482
1074454 134 31482
1074455 135 31482
1074457 137 31482
1074458 138 31482
1074459 139 31482
1074460 140 31482
1074464 184 31482
1074468 254 31482
1074469 257 31482
1074471 277 31482
1083625 38 31793
1083626 39 31793
1083642 210 31793
1083648 229 31793
1129046 13 33278
1129047 14 33278
1129048 15 33278
1129052 42 33278
1129065 102 33278
1129066 105 33278
